1 123456789 9876543212603252201A094101CONSOLIDATED ACH FILE                                   
5200MY COMPANY      123456789CONCONSOL    260325      1987654320000001                        
62609100001 005118546825585990000000498               CONSUMER              987654320000001   
62609100001 106803367117559010000002820               CONSUMER              987654320000002   
62209100001 304243179074154750000024999               CONSUMER              987654320000003   
63209100001 383282461428583070000001410               CONSUMER              987654320000004   
63209100001 681687425054950540000001101               CONSUMER              987654320000005   
62002100002 345866533777140490000005130               CONSUMER              987654320000006   
62902100002 779726656371488430000004750               CONSUMER              987654320000007   
62702100002 450977510525913070000000479               CONSUMER              987654320000008   
63002100002 743667058441652790000004240               CONSUMER              987654320000009   
62302100002 648894493518792570000026226               CONSUMER              987654320000010   
62312100035 847898007617519310000038793               CONSUMER              987654320000011   
62612100035 850357719514691870000007497               CONSUMER              987654320000012   
62411100061 947416582363708860000040885               CONSUMER              987654320000013   
62112100035 604724246369866150000007531               CONSUMER              987654320000014   
62311100061 205617420191016040000032905               CONSUMER              987654320000015   
62907192500 520356758550960740000002914               CONSUMER              987654320000016   
62906100010 612463902282537660000004453               CONSUMER              987654320000017   
62707192500 622499905232393060000002112               CONSUMER              987654320000018   
62407192500 829638609067734250000006182               CONSUMER              987654320000019   
62606100010 790044881701606650000003182               CONSUMER              987654320000020   
8000001000020000000218107            987654320000001                                          
900000100000300000020000000218107                                                             
